220,2021-01-08,26904,42352
221,2021-01-15,27910,43478
222,2021-01-22,28366,43199
223,2021-01-29,28237,43380
224,2021-02-05,28231,44146
225,2021-02-19,29844,45159
226,2021-02-26,30400,45855
227,2021-03-05,30069,45441
228,2021-03-12,29621,44923
229,2021-03-19,28911,44012
230,2021-03-26,29066,43179
231,2021-04-02,29300,44475
232,2021-04-09,30415,45280
233,2021-04-16,30830,46056
234,2021-04-23,31789,47170
235,2021-04-30,31939,47375
236,2021-05-07,33433,48552
237,2021-05-14,33975,49624
238,2021-05-21,33190,48556
239,2021-05-28,33745,48405
240,2021-06-04,32519,47757
241,2021-06-11,31933,47330
242,2021-06-18,31082,46627
243,2021-06-25,28887,43793
244,2021-07-02,25680,41605
245,2021-07-09,25152,40151
246,2021-07-16,25958,42549
247,2021-07-23,29452,44319
248,2021-07-30,30272,45996
249,2021-08-06,29067,44201
250,2021-08-13,26055,41195
251,2021-08-20,22616,38266
252,2021-08-27,21864,37033
253,2021-09-03,21591,36821
254,2021-09-10,21377,36927
255,2021-09-17,20364,36045
256,2021-09-24,18027,33605
257,2021-10-01,16674,32168
258,2021-10-08,16445,31829
259,2021-10-15,16257,31748
260,2021-10-22,16467,31209
261,2021-10-29,15101,30337
262,2021-11-05,14675,31049
263,2021-11-12,15276,30753
264,2021-11-19,16658,31914
265,2021-11-26,17189,32459
266,2021-12-03,16776,32652
267,2021-12-10,15564,30923
268,2021-12-17,15673,30686
269,2021-12-24,14794,30946
270,2021-12-31,15876,31732
271,2022-01-07,17064,32549
272,2022-01-14,18242,33294
273,2022-01-21,18201,33419
274,2022-01-28,17936,33736
275,2022-02-04,17984,33592
276,2022-02-11,18064,34125
277,2022-02-18,18175,34346
278,2022-02-25,19839,35013
279,2022-03-04,19656,34689
280,2022-03-11,18707,34446
281,2022-03-18,17916,32969
282,2022-03-25,17231,33384
283,2022-04-01,17646,33328
284,2022-04-08,18474,34511
285,2022-04-15,19285,35008
286,2022-04-22,19451,35068
287,2022-04-29,20414,35677
288,2022-05-06,21123,36702
289,2022-05-13,21708,37215
290,2022-05-20,22126,37089
291,2022-06-03,20935,36866
292,2022-06-10,20325,35520
293,2022-06-17,19744,34443
294,2022-06-24,17685,32703
295,2022-07-01,14557,30544
296,2022-07-08,13811,29426
297,2022-07-15,13919,29734
298,2022-07-22,16963,31705
299,2022-07-29,18708,33500
300,2022-08-05,17793,32332
301,2022-08-12,14210,29467
302,2022-08-19,10807,26695
303,2022-08-26,10031,25180
304,2022-09-02,9789,25077
305,2022-09-16,8828,24061
306,2022-09-17,12002,27124
307,2022-09-18,11481,27334
308,2022-09-19,9432,25098
309,2022-09-20,10281,25430
310,2022-09-21,9076,24917
311,2022-09-22,4088,19225
312,2022-09-23,6529,21983
313,2022-09-24,9848,25497
314,2022-09-25,9182,24756
315,2022-09-26,6512,22982
316,2022-09-27,8594,24172
317,2022-09-28,7980,23425
318,2022-09-29,2182,17473
319,2022-09-30,5183,20548
320,2022-10-01,8517,24047
321,2022-10-02,8443,23916
322,2022-10-03,6985,21852
323,2022-10-04,6974,22500
324,2022-10-05,7438,22821
325,2022-10-06,1227,16912
326,2022-10-07,5002,20476
327,2022-10-08,8812,23542
328,2022-10-09,8226,23129
329,2022-10-10,6481,21681
330,2022-10-11,7325,22677
331,2022-10-12,6982,22379
332,2022-10-13,1975,16532
333,2022-10-14,4651,19710
334,2022-10-15,7791,23154
335,2022-10-16,8497,23839
336,2022-10-17,7272,21594
337,2022-10-18,7476,22768
338,2022-10-19,6562,22655
339,2022-10-20,1471,16932
340,2022-10-21,4119,19184
341,2022-10-22,7799,22939
342,2022-10-23,7286,22787
343,2022-10-24,5414,20680
344,2022-10-25,6304,21854
345,2022-10-26,5912,21144
346,2022-10-27,548,16199
347,2022-10-28,3179,18837
348,2022-10-29,6708,22463
349,2022-10-30,6616,22123
350,2022-10-31,4812,19965
351,2022-11-01,6017,21266
352,2022-11-02,5354,20818
353,2022-11-03,65,15124
354,2022-11-04,2512,18533
355,2022-11-05,6902,21807
356,2022-11-06,6799,21960
357,2022-11-07,4959,20615
358,2022-11-08,5775,21064
359,2022-11-09,5683,20623
360,2022-11-10,856,15573
361,2022-11-11,3160,18832
362,2022-11-12,7249,23472
363,2022-11-13,7717,23146
364,2022-11-14,6310,20970
365,2022-11-15,7023,22215
366,2022-11-16,6750,22514
367,2022-11-17,1911,16774
368,2022-11-18,4505,20397
369,2022-11-19,9078,24103
370,2022-11-20,9092,24231
371,2022-11-21,7408,22460
372,2022-11-22,8134,23680
373,2022-11-23,7419,22423
374,2022-11-24,1877,17483
375,2022-11-25,5512,20090
376,2022-11-26,8933,24228
377,2022-11-27,8689,24517
378,2022-11-28,6669,22692
379,2022-11-29,7796,23571
380,2022-11-30,7499,22380
381,2022-12-01,2389,17591
382,2022-12-02,5599,19911
383,2022-12-03,8519,23942
384,2022-12-04,8034,23828
385,2022-12-05,6178,22191
386,2022-12-06,7135,22661
387,2022-12-07,7190,22143
388,2022-12-08,1134,16690
389,2022-12-09,4464,19422
390,2022-12-10,7535,23083
391,2022-12-11,7397,22895
392,2022-12-12,5332,20480
393,2022-12-13,6178,21770
394,2022-12-14,6061,21649
395,2022-12-15,897,16170
396,2022-12-16,3621,18557
397,2022-12-17,6490,22132
398,2022-12-18,6808,22670
399,2022-12-19,5049,20536
400,2022-12-20,6254,22037
401,2022-12-21,5438,20664
402,2022-12-22,883,16127
403,2022-12-23,3887,19078
404,2022-12-24,7588,22506
405,2022-12-25,6986,23057
406,2022-12-26,5658,21073
407,2022-12-27,7232,21715
408,2022-12-28,6556,21703
409,2022-12-29,2174,16800
410,2022-12-30,4522,19708
411,2022-12-31,8288,23222
412,2023-01-01,8539,23362
413,2023-01-02,6583,22299
414,2023-01-03,7448,23173
415,2023-01-04,7209,22003
416,2023-01-05,2436,17788
417,2023-01-06,4986,20610
418,2023-01-07,9022,24466
419,2023-01-08,8868,24838
420,2023-01-09,7539,22694
421,2023-01-10,8263,23890
422,2023-01-11,8436,22933
423,2023-01-12,3262,18010
424,2023-01-13,5834,21046
425,2023-01-14,9586,24835
426,2023-01-15,9939,24916
427,2023-01-16,7837,22888
428,2023-01-17,8237,23741
429,2023-01-18,8028,23158
430,2023-01-19,2525,18376
431,2023-01-20,5761,21751
432,2023-01-21,10239,24844
433,2023-01-22,9063,24637
434,2023-01-23,7674,23210
435,2023-01-24,8495,24313
436,2023-01-25,8246,24075
437,2023-01-26,2801,18451
438,2023-01-27,5832,21492
439,2023-01-28,9457,25035
440,2023-01-29,9708,24746
441,2023-01-30,7854,23098
442,2023-01-31,8135,23572
443,2023-02-01,8962,23660
444,2023-02-02,3270,18605
445,2023-02-03,6011,21025
446,2023-02-04,9561,24899
447,2023-02-05,9755,24867
448,2023-02-06,7767,23349
449,2023-02-07,8919,23926
450,2023-02-08,8665,23851
451,2023-02-09,3538,18764
452,2023-02-10,6560,21695
453,2023-02-11,10141,25103
454,2023-02-12,9609,25587
455,2023-02-13,8826,23172
456,2023-02-14,9390,24714
457,2023-02-15,8797,24072
458,2023-02-16,3851,19547
459,2023-02-17,6383,21762
460,2023-02-18,10997,25614
461,2023-02-19,10847,25847
462,2023-02-20,8720,24051
463,2023-02-21,10270,25195
464,2023-02-22,9762,24893
465,2023-02-23,4522,20015
466,2023-02-24,7496,22958
467,2023-02-25,11613,26800
468,2023-02-26,11281,26247
469,2023-02-27,9112,24708
470,2023-02-28,10063,25568
471,2023-03-01,10168,25220
472,2023-03-02,4628,20069
473,2023-03-03,7612,23273
474,2023-03-04,11088,26504
475,2023-03-05,11277,25987
476,2023-03-06,8628,24128
477,2023-03-07,9960,25226
478,2023-03-08,9125,24833
479,2023-03-09,4519,19650
480,2023-03-10,7525,22425
481,2023-03-11,10563,25878
482,2023-03-12,10207,26013
483,2023-03-13,8389,23761
484,2023-03-14,9488,23792
485,2023-03-15,8322,23958
486,2023-03-16,3714,19232
487,2023-03-17,6107,21674
488,2023-03-18,10215,24339
489,2023-03-19,9415,24738
490,2023-03-20,7380,22178
491,2023-03-21,8660,23556
492,2023-03-22,7838,22606
493,2023-03-23,2627,17875
494,2023-03-24,5654,20919
495,2023-03-25,8879,24134
496,2023-03-26,9718,23648
497,2023-03-27,7217,22358
498,2023-03-28,7732,24589
499,2023-03-29,7899,23465
500,2023-03-30,2292,17527
501,2023-03-31,6130,21689
502,2023-04-01,9737,25015
503,2023-04-02,9463,24925
504,2023-04-03,7525,22975
505,2023-04-04,9001,24357
506,2023-04-05,8369,23661
507,2023-04-06,4019,19626
508,2023-04-07,6526,21891
509,2023-04-08,9578,25898
510,2023-04-09,10892,26389
511,2023-04-10,8987,23934
512,2023-04-11,9907,25321
513,2023-04-12,9330,24310
514,2023-04-13,4615,19809
515,2023-04-14,7022,23184
516,2023-04-15,10466,26540
517,2023-04-16,10919,26244
518,2023-04-17,9451,25275
519,2023-04-18,9726,25975
520,2023-04-19,9547,25559
521,2023-04-20,4278,20533
522,2023-04-21,7388,22936
523,2023-04-22,11420,27199
524,2023-04-23,12357,26961
525,2023-04-24,10135,24886
526,2023-04-25,10793,26059
527,2023-04-26,10457,25190
528,2023-04-27,5549,21047
529,2023-04-28,8107,23400
530,2023-04-29,12130,27109
531,2023-04-30,12314,27585
532,2023-05-01,10002,26352
533,2023-05-02,12094,26920
534,2023-05-03,10743,26118
535,2023-05-04,6386,21386
536,2023-05-05,9008,24644
537,2023-05-06,12494,28063
538,2023-05-07,13101,28698
539,2023-05-08,11603,26956
540,2023-05-09,12789,28202
541,2023-05-10,12083,27864
542,2023-05-11,7072,22497
543,2023-05-12,10344,25406
544,2023-05-13,14158,28995
545,2023-05-14,13333,28588
546,2023-05-15,11769,27033
547,2023-05-16,12515,28422
548,2023-05-17,12283,28112
549,2023-05-18,7090,22764
550,2023-05-19,10285,25356
551,2023-05-20,13635,29176
552,2023-05-21,14049,29148
553,2023-05-22,12017,27026
554,2023-05-23,13039,28485
555,2023-05-24,12497,27796
556,2023-05-25,6484,21892
557,2023-05-26,10109,25106
558,2023-05-27,13501,28420
559,2023-05-28,13172,28889
560,2023-05-29,12463,27234
561,2023-05-30,12384,27846
562,2023-05-31,11529,26537
563,2023-06-01,6208,21308
564,2023-06-02,9540,24523
565,2023-06-03,12958,28414
566,2023-06-04,12436,28125
567,2023-06-05,11159,26401
568,2023-06-06,10982,26970
569,2023-06-07,11393,26706
570,2023-06-08,5934,21233
571,2023-06-09,8499,24055
572,2023-06-10,12226,27999
573,2023-06-11,11756,28335
574,2023-06-12,10209,25327
575,2023-06-13,10271,25603
576,2023-06-14,10327,25559
577,2023-06-15,4404,20648
578,2023-06-16,8017,23455
579,2023-06-17,10969,26625
580,2023-06-18,10906,26370
581,2023-06-19,8182,24269
582,2023-06-20,9061,24889
583,2023-06-21,8225,23892
584,2023-06-22,3007,17860
585,2023-06-23,5570,20296
586,2023-06-24,9037,24809
587,2023-06-25,8717,23507
588,2023-06-26,6480,21954
589,2023-06-27,6974,22612
590,2023-06-28,5529,21704
591,2023-06-29,155,15404
592,2023-06-30,3828,18584
593,2023-07-01,6201,21748
594,2023-07-02,5842,21128
595,2023-07-03,3547,19325
596,2023-07-04,4528,19834
597,2023-07-05,3921,18875
598,2023-07-06,-1210,14195
599,2023-07-07,1504,17417
600,2023-07-08,4990,20334
601,2023-07-09,4716,20559
602,2023-07-10,2754,18397
603,2023-07-11,4353,19237
604,2023-07-12,4096,19453
605,2023-07-13,-1075,14294
606,2023-07-14,1649,17646
607,2023-07-15,5643,21742
608,2023-07-16,5684,20617
609,2023-07-17,4614,20405
610,2023-07-18,5447,21140
611,2023-07-19,5752,21082
612,2023-07-20,536,16050
613,2023-07-21,3865,20287
614,2023-07-22,8198,23826
615,2023-07-23,8635,23997
616,2023-07-24,7497,23111
617,2023-07-25,8223,23741
618,2023-07-26,7493,22870
619,2023-07-27,3115,18568
620,2023-07-28,6317,21595
621,2023-07-29,10243,25938
622,2023-07-30,9801,24989
623,2023-07-31,8105,23612
624,2023-08-01,9177,24233
625,2023-08-02,8739,23800
626,2023-08-03,3228,18821
627,2023-08-04,5791,21571
628,2023-08-05,9452,24271
629,2023-08-06,8699,23990
630,2023-08-07,6591,21901
631,2023-08-08,7150,22308
632,2023-08-09,6685,21386
633,2023-08-10,594,16498
634,2023-08-11,3144,18626
635,2023-08-12,5862,21776
636,2023-08-13,6345,21211
637,2023-08-14,3142,18649
638,2023-08-15,3268,19413
639,2023-08-16,3074,18750
640,2023-08-17,-2569,12487
641,2023-08-18,-402,14929
642,2023-08-19,3157,18681
643,2023-08-20,2497,18400
644,2023-08-21,375,15995
645,2023-08-22,1315,17198
646,2023-08-23,452,16525
647,2023-08-24,-4510,10901
648,2023-08-25,-1794,13031
649,2023-08-26,1452,16999
650,2023-08-27,928,17012
651,2023-08-28,-480,15205
652,2023-08-29,-425,15909
653,2023-08-30,-395,15592
654,2023-08-31,-5210,9973
655,2023-09-01,-2433,13334
656,2023-09-02,1390,16977
657,2023-09-03,1303,16905
658,2023-09-04,-699,15237
659,2023-09-05,324,15503
660,2023-09-06,-353,15362
661,2023-09-07,-5255,10773
662,2023-09-08,-1754,12640
663,2023-09-09,1112,17098
664,2023-09-10,1077,16539
665,2023-09-11,-489,14603
666,2023-09-12,-100,15554
667,2023-09-13,-918,15081
668,2023-09-14,-5340,9683
669,2023-09-15,-2968,12288
670,2023-09-16,630,15905